4294967279,64
4294967278,349
4294967279,63
4294967279,62
4294967279,60
4294967279,59
4294967279,58
4294967279,54
4294967279,53
4294967279,52
4294967279,51
4294967279,50
4294967279,49
4294967279,47
4294967279,46
4294967279,43
4294967279,41
4294967279,40
4294967279,39
4294967279,37
4294967279,34
4294967279,31
4294967279,29
4294967279,28
4294967279,27
4294967279,25
4294967279,23
4294967279,22
4294967279,20
4294967279,19
4294967279,18
4294967279,17
4294967279,16
4294967279,15
4294967279,12
4294967279,11
4294967279,10
4294967278,378
4294967278,132
4294967278,131
4294967278,130
4294967278,129
4294967278,128
4294967278,263
4294967278,127
4294967278,126
4294967278,308
4294967278,125
4294967278,367
4294967278,124
4294967278,123
4294967278,328
4294967278,122
4294967278,302
4294967278,121
4294967278,382
4294967278,120
4294967278,119
4294967278,381
4294967278,118
4294967278,117
4294967278,116
4294967278,115
4294967278,114
4294967278,384
4294967278,113
4294967278,112
4294967278,111
4294967278,110
4294967278,109
4294967278,417
4294967278,108
4294967278,353
4294967278,107
4294967278,376
4294967278,106
4294967278,105
4294967278,363
4294967278,104
4294967278,101
4294967278,100
4294967278,99
4294967278,174
4294967278,98
4294967278,299
4294967278,96
4294967278,298
4294967278,95
4294967278,94
4294967278,92
4294967278,91
4294967278,90
4294967278,89
4294967278,87
4294967278,86
4294967278,231
4294967278,85
4294967278,354
4294967278,84
4294967278,83
4294967278,359
4294967278,82
4294967278,81
4294967278,80
4294967278,79
4294967278,78
4294967278,77
4294967278,76
4294967278,75
4294967278,74
4294967278,73
4294967278,72
4294967278,279
4294967278,71
4294967278,296
4294967278,70
4294967278,69
4294967278,324
4294967278,68
4294967278,294
4294967278,67
4294967278,375
4294967278,66
4294967278,65
4294967278,64
4294967278,63
4294967278,62
4294967278,0
4294967278,260
4294967279,276
4294967279,82
4294967279,79
4294967279,551
4294967279,77
4294967279,73
4294967279,529
4294967279,230
4294967279,70
4294967279,518
4294967279,65
4294967279,61
4294967279,57
4294967279,56
4294967279,55
4294967279,379
4294967279,48
4294967279,44
4294967279,38
4294967279,36
4294967279,35
4294967279,347
4294967279,33
4294967279,259
4294967279,32
4294967279,530
4294967279,30
4294967279,307
4294967279,26
4294967279,251
4294967279,24
4294967279,526
4294967279,21
4294967279,304
4294967279,14
4294967279,13
4294967279,0
4294967279,303
4294967279,290
4294967279,524
4294967279,513
4294967279,9
4294967279,335
4294967279,8
4294967279,287
4294967279,7
4294967279,6
4294967279,5
4294967279,4
4294967278,103
4294967278,272
4294967278,102
4294967278,319
4294967278,213
4294967278,211
4294967278,210
4294967278,97
4294967278,284
4294967278,208
4294967278,206
4294967278,93
4294967278,318
4294967278,204
4294967294,7
4294967294,6
4294967278,203
4294967278,202
4294967278,201
4294967278,200
4294967278,199
4294967278,198
4294967278,197
4294967278,196
4294967278,195
4294967279,195
4294967278,194
4294967278,193
4294967278,192
4294967279,192
4294967278,191
4294967279,191
4294967278,190
4294967278,189
4294967278,188
4294967278,187
4294967278,186
4294967279,186
4294967278,185
4294967278,184
4294967278,183
4294967279,183
4294967278,182
4294967279,182
4294967278,181
4294967279,181
4294967278,180
4294967278,179
4294967278,178
4294967279,178
4294967278,177
4294967279,177
4294967278,176
4294967278,175
4294967279,173
4294967279,172
4294967279,171
4294967279,167
4294967279,166
4294967279,311
4294967279,164
4294967294,22
4294967279,162
4294967279,161
4294967279,160
4294967294,2
4294967294,999
4294967294,1000
4294967294,185
4294967294,151
0,5
4294967294,40
4294967294,38
4294967279,45
4294967278,407
1471,6
0,7
4294967294,17
4294967294,92
4294967294,88
4294967294,85
4294967294,29
4294967294,28
4294967294,1016
4294967294,27
4294967294,1017
4294967294,26
4294967294,53
4294967294,426
4294967294,44
4294967279,536
4294967279,561
4294967279,539
4294967279,42
4294967294,67
4294967278,309
4294967294,436
4294967294,43
4294967294,416
4294967294,25
4294967294,83
4294967294,0
4294967294,46
4294967294,1097
4294967279,238
4294967294,94
4294967294,93
4294967294,89
4294967294,96
4294967294,95
1471,5
1471,4
1471,3
1471,2
1471,1
1469,5
1469,4
1469,3
1469,2
1469,1
1467,6
4294967278,406
1467,5
1467,4
1467,3
1467,2
1467,1
4294967279,560
4294967278,405
1465,6
1465,5
1465,4
1465,3
1465,2
1465,1
4294967294,1419
1463,7
1463,6
1463,5
1463,4
1463,3
1463,2
1463,1
4294967278,404
4294967279,558
4294967279,541
